------------------------------------------
| Index | First | Second |  LCM  |  GCD  |
------------------------------------------
|     1 |    18 |      6 |    18 |     6 |
|     2 |    81 |     66 |  1782 |     3 |
|     3 |    92 |     28 |   644 |     4 |
|     4 |    15 |     25 |    75 |     5 |
|     5 |    52 |     90 |  2340 |     2 |
|     6 |    33 |     15 |   165 |     3 |
|     7 |    92 |     62 |  2852 |     2 |
|     8 |    23 |     92 |    92 |    23 |
------------------------------------------
Average of first column is 50.75
